Abitiones 414. 443.

1111011111 304.

11111110 202.

10316111 (1011. 304.

10311111 Rom 147.

Aerarium 1. Fiscus.

Agricola Rud. 148.

1101111011 M. 169. 171.

1111111301 1. 001111301.

1111010111 Prior 25. 27.

11101111 Μ. 147.

Album 1. 1101110111.

Alexander 147. 377. 416.

Alexander VI 94.

1130101 147.

1111011111 Barth. 171.

1111011110 146. 306. 314.

11111101 Io. G. 170.

1111011 Fr. J. v. 175.

Apotheeae 146. 189.

Arabes 311.

14101111 Ρο. de 11.

11011276. 288. 302. 326. 385.

Aristoteles 147. 148. 178. 377.

Arme 54. 56. 58122. 135139. 150.
219. 369. 414. 438.

111111110110. 163. 165. 184.

1101110111 146.

1111011111 422.

11111101 241.

11101 10. 13. 70. 79.

1101111011 Jo. 172.

113111111οτ 80. 191.

4111001101 245.

Aula 111301 244.

1111111111 261.

1111011011 245 1. 8310110101.

8111111101 der U. 1111113011.

11011οο1 147.
11101111 147. 303.

Β101>1101101272278 291305336. 391.
81001101101110111. 259.
810111 43. 64.

Balneum 367. 421.

, 8011111101 noster 191.

80111 54. 405. 410.
801011011011 2. 3.
80101111101 801 68.
80111111 155.

8011111111 250.

80113111 Io. 203. 235. 238. 426.
801301 1111. von 125.
8011111111 111 25. 68.
8011011113 (101 101101 89.
811011 11011131.

8111101101 e. Liberien.
8130117111. 171.

1111010 47. 54. 262. 317. 423.
810101 Ambr. 161. 164. 177.
811131οώ1104. 137. 218.
8101101101 801 68.
81011010100111. 49. 51.
8111111301 252.

8011111111 140.

8011110111 VIII, 17. 96.
8010110111 1101111. 19. 94.
801301 121.

810010110111 10. 13. 70. 79.

810111013010011. 166.

81011 Io. 172. 173. 199. 231. ,

81111111 Pe. 110. 138163. 165. 184.

810011οΙ111 Jo. de 69.

811110 46. 50. 72. 88. 102. 147. 177.
194. 200. 212. 214. 367. 402.

29

 

