8011111100 Βο110.04. 15. 1020. 11011.

12. 0. 801101.
8011010110 (la-ip. 78. (10718. 10. 81.
83. 98. Nic. 08. Ulr. 84. 1500.

111000. 88. 1111001. 84.

8011010010. 11.
801118003011. 00 95.
80001 chr. 78.

800111 00011. 38. Phil. 04.
8003011 00ορ. 34.

800301 100. 88. Lud. 18.

8011110110 10. 92. 10001. 02.

0101000 cinxi. 1500.

80110100 (10. 22.

800εο1100 100100 43.

8000101101110. 41. Wilh. 99.

8011011010. 22.

8011111301 10100. 86.

8010110 10000. 1300.

8000110 Ge. 41. Phil. 10. 41.

80010180100. 10.

800001 Heinr. 32.

Sibenbiirger 1401. 39.

810000011οτ 10. 23.

8100110. 81. 1101108.

siboldt Casp. 85. 19. (10. 92. 100.
84. Μο10.83. 11101125. 8101. 83.

’ 810001000 10. 35. 12.

810001000011000100. 09.
8100101 chr. 17.

8101110301 Jo. 83.

Sideler Maur. 12.
81000000001 10. 21. Nic. 12.
Sidenladen Ant. 96.
81000011000111010. 84.
8100010. 19.

810000110. 22.

8100011100 0000. 02.

810110. 811.

81110001. 17. 10. 22.
8111101007. Ρο11. 07. 11011394.
811110110. 85.

8130110. 91. 10091.
Sigelhuser 1ο. 85.
81300010. 13.

733

8131001000110000. 21.

813100100ου0 (10. 14. 10. 33. 110093.
Sim. 08.

813101 Ulr. 11.

813110 Ge. 04. 100 26. 10. 01. 13.

813110300 (10. 00 03.

8131000 Ge. 89. 04. 05. 10. 02. Μο10.
84.

8130101 Jo. 89.

81300101 11100. 98.

813001110028. Jo. 18. Μο11.07.
Nic. 86.

81100100. 84. 10. 22.
81100101 Andr. 778.
81100 Ambr. 00 1500.
8110011 Crisp. 39.
8110101 Ge. 10.
8101101011. 110101. 97.
81010010. 11.
81000100 Κ11. 37.
8100000001 Chph. 89.

811ἐοοὲ10300 11100. 00 78. Ρο11. 00
7. .

81001103019001. 98.

8100110301 Μο1111. 21.

8100000101 10. 92.

8111 Alex. 88. Ge. 27. Ηο101.02.
100. 88. 95. 10. 10. 778. 80. 84.

Jod. 778. Mart. 06. 01010. 21.
11000778.

811110301 10. 07.

8100100110 0011. 0. 800010100110 0011.
863110 Luc. 28.

80110. 29.

8010001 100. 05.

8010011 Herm. 48.

8011 Felix 40.

80110001 1110. 05. 010040.
8013011110. 83.

Som 0001. 99.

80011001 9000. 34.

8000101 811011. 21.
8013011110 13.

8110110110. 95.
8000300003 10. 83.

 

