452

Kethsrina S. 322.

1101110010 278. 372.

Κο11101110110 414. 119.

» 1100110110 801111. 154. 161. 165.

110ςο1100. 166.

Kirehherr zu Tuo. 74.

111011111ος54. 103. 106. 138. 150. 223.
123. 447.

Klingler Ulr. 19.

Klinilrum 405.

1100110110. 243. 252. 127.

Krepner 10. 237.

Κ1000 Joh. 172.

Kunig 10. 138. 154. 166.

Kurrer Casp. 166.

Leng Phil. 173. 420.

1001001101 Greg. 49. 100. 168.
Lectiones 331.

10010110 68. 80.

Leges imp. 77.

Lemp Jee. 93. 113.

Leonis Sim. 93.

1000100801). 138.

Libelli 1010001 106. 136. 139. 224.
Liber magnus 363.

Liberien 72. 107. 212.

Licentia 259. 262. 272. 279. 292. 305.
1100001000 (110101101000010010) 147.
Locutio 61.

Logieslie perus 335.

Lupus 370. 377. 422. 441.

Lung Vit. 133.

10100100 368. 370. 410. 119. 416.

Megisteriurn 301.
1101001ος011110111. 97. 168.
110101 Nic. 426.

Meij Greg. 26. 93. 308.
1101100οἰ000 301.

11010110 0001100 186.
Menos 0001. 30.

1101110011 10. 251.

Marinus 69.

Mathematicus 203. 235.

110111001017. 48. 276. 302. 3270351.

383. 138.
1100111111Ῑά 111011. 1. 13. 29.
1101101 1011. 25.
110101 196.

11010001111100 172. 202.

110110 10.

Μο0011101 0001. 25.

1100011010. 231. 104.

1110100110 53. 223.

11010111οο111 368. 410.

Micyllus 10. 203.

1111100280. 0111110104.

1101110 Herzog 426.

Mulieres suspectas 413. 438. 446.

Mullus Gallus 137. 138. 165. 134.
» Nic. 183.

Μ1101110110 306. 314.

11110010301130. 160.

Munuseule 361.

Murus Civitatis 50. 224.

Musik 179. 237.

Μ11100110110 Wilh. 51. 321. 103.

Negligentiae 192. 259. 417.
Neron 128.

110001 Pe. 154. 161. 166. 170.
Noctivegi 135.

Notarius 06. 223. 373. 400.
11010110 68. 128.

11111111ος00 246.

Oneum 147.

0000000100 376. 380.
Orationes 230. 382.
01110100. 61. 227.
Oesohingen 128.
0011103000. 71.
Ottheinrieh Plalzgrsf 167.

Ptdsgogium, Paedagogiete 72179.
190. 193. 199. 201. 214. 233. 251.
377. 387. 102108. 116. 124. 432.

Pedelli 63. 87. 228. 285. 3711400.

Ρο111000110 181.

 

