731

81001101 Ant. 85. 0001). 39. 1100011. 27. 8111011110 80101135. 1111011. 22.
81001110. 41. Stoffel chph. 96.

8100110 11110111. 85. 8101101 Ρο001. de 83.

81001101 111011. 79. 8101101 Phil. 99. wilh. 90.
81001110 Nic. 91. 0. 8111011110. 8101110110. 07. 22.

810110110 0111111. 33. 35. 10031. Lud. 81011 80111196. 10. 84. 08.

03. 1101111. 38. 1111011. 81. 81011111 0111111. 02.

8101301100. 03. 01119. 81011) 11101111. 92.

81011001 Nic. 1500. 81010110. 8101011.
-8101111110 10. 91. 15. 810111 (10011. 15.

81010 s. 810111. 810110110012. 1012.

8101011011 10. 99. 8101, 81010001. 9014. Μ1011. 95. ·
81010101 Egid. 27. Ρο01 81. 8101111. 03.

’ 8101101 Jo. 84. 810101110041.

810111110 8011. 14. 810101 Jo. 1500.

81001101 Η1111101. 12. 8101111 Jo. 10.

8100111101 00111. 21. 8101110100 Ηο101. de 01. Jo. 0 35.
8100111 Μο1011. 92. 811111 100. 1500.

8100310 Luc. 38. 811001 (10. 12.

81003110 Andr. 83. 10. 00. 810103Ρο11. 90.

81001111110, 8111011110 Ge. 88. 1111011. 95. 8110101100 100. 18.

810011103 8011. 80. 81100101 Jo. 789.

810111100οε 12. 8110101101 Gang. 95. Geron. 778.
8101 Ge. 01. 1ο. 87.

810101110 1100011. 10. ’ 8110101 Andr. 778. Barth. 07. Ge.
81010001οΙ0 Ge. de 03. 778. Greg. 97.

8101000101110. 23. 8110110 1111111. 08.

8101110100. 30. 81111101 Rup. 25.

81000101111111. 789. 81101101 0001. 41. 1111100.16.
8101100 Greg. 0 35. . 81101100101 Barth. 15.
81011011011. Wolfg. 29. 811001 Ge. 12.

810011 10. 35. 8110111ογ01 Jo. 22,

8101101111 1ο. 14. 81100100101 Ulr. 86.

8100100111. 17. Jo. 10. 13. 81101)Βο0011.778..

Stich 00011. 93. 81101101 11110111. 85.

8110110110. 15. 8110011101 Jo. 88.

81101101 11111. 20. Jo. 90. 25. 27. 44. 8110111101 Alb. 778.

81101 10. 14. 81100, 81100010. 77890. 1110190.
8111010000 Ulr. 1500. 81100101011100. 82.

Stiguff Lud. 81. Stryi vitalis 97.

81010010010. 30. 810101010111. 14.

811111101 111100 10. 8111011110 0001. 95.
81100110, 8101011111 10. 13. 110111. 28. 81οᾶ Hier. 37.

40. 11011. 91. 81011110 Ηο101. 81. 109116.
81001101 Paul 08. 00010001. 8101111004.

 

