(1000110010. 92.

1100000010. 88. Marc. 92.

Gobler 10. 16.

(1011010000 100000. 44.

(10111001)ον. 44. Jo. 43.

(111110 Bened. 85.

Gdffingen 10000. de 93.

Gockel (1000. 98.

(1010100100 11101. 33.

(1011110100 (10. 84.

Goldlin Jo. Heinr. 09.

Goldochs Chph. 21. 11001001. 21.
(10110010011110. 29. 10000. 24. 1093.
(1011010000 Βο0010. 93.

(10110101000 Paul 21. vit. 16.
(1011101010 Jo. 89.

(1011 910010. 92.

(10110 Car. 85.

(10110 Marc. 09. Mich. 86. Ρο10. 14.
(10000011 Κ11. 80.

(1000000 (10000. 12.

Gopp thh. 09.

(1000011 Thom. 09.

depingen Wernh. de 778.
(11001000010. 16. Ρο. 77.8.

(1110 10. 19.

(10010010 Hertw. de 91.

(1110110000 (1000. 95.

(1000 Andr. 98. 10000. 21. 10. 02.
(100001110. 99.

(1110010010. 99.

(1110011010. 22. Nic. 88. 0. (1000110.
(10110111 910010. 85. Dion. 07.
(1111100910. 11.

(1011000 Ulr. 95.

Gotprod 0. (1011001.

(1010111110 Adam 11. Luc. 95.
(10101011 Nicod. 95.

(10001010. 789.

Grabisgaden Jo. 36.

· (10111110 Ulr. 93.

(10011 3000101. 85. 10. 14. 20. 1000.
16. 11001. 39.

(10010000110. ex 33. Udalr. 85.

(10010100 38.

(1000000000 Henning. 1599.

(1000000000 Μο110. 77.8.

(1000000001Ηο100. 88.

(1000001οζ 98.

(1000000 ι. (10000000.

(10001 Alex. 1599. 10. 1599.

(100100 Wolfg. 22.

Greek, Greg. 94.

(10011100 Wilh. de 93.

(100111 0. (10011.

(1001000 Mart. 21.

(100000, (1000000οΟ00. 89. Ηο100.83.
10. 26. 101125. 38. 000010. 92.

(100010 Paul. 41.

Gresser Eberh. 89.

(1000013 100010. 39.

1100110000 100. 37.

(10011100 (1000. 83. nath. 85.

(1001010300910010. 97. 10. 11.

(10000000 10. 89.

(100000 Ρο10. 178.

(101010 (1000. 97. Dion. 09.

(101000 10. 32.

(1010100110. 32.

(101110. (10011.

(1011110000. 48.

(1010010010. 19.

(1001000100. 17.

Gronberg Wolfg. 19.

Gronburg Andn. 19.

(100000 0. (100000.

(1011010300 100010. de 20. Jo. de 21.
Ursus (10 95.

(1011010000 0. (1000100300.

(1000000010 Sig. de 26.

(1111000111 Andr. 13.

(1000000 Jod. 85.

(1000, (10000 Andr. 11. (1100. 49. Jo.
17. 31. Magnus 49.

(1090010101οα 81.

(1000100000 110110. 99.

Grossehlack Phil. 39.

Grosselfingensis 9000. 22.

(1001018010. 13.

(1011010100 Bernh. 778.

45*

 

