698

80000001010 01 Ulm 05.

80011011 (10013 78. 81001197.

8011110018.

Βο010301 10. 27.

8000011οα 89.

80011011 8011. 87.

860110, 8000110 (10. 93. 1077898.

80101 60111. 83.

800011, 8600118011. 23. 10. 15. 28.
Jod. 19. Seb. 15. 21. 770113. 21.

8000, 8600, 80000001. 83. 08. 8110111.
14. 8101. 91. 101115. 101110.
1111111107. 111011. 86. 811011. 93.

8000111300 1111011. de 92.

80001111 801111. de 01.

Βο110111111Α1101010. ·

8101101 10. 95.

810010010101801011. 16. 7700. de 04.

81001001011001 10. 86.

8100100800οη 10. 96.

8101011 10. 24.

81011000οο1 Hub. 110 28.

8101100103 (1001. 11.

8101100011100011. de 85. 1101111. 778.
7110011. 96.

810110111011. 12. 81111. 97.

8101100001 10. 80. Leo 12.

Brandenburg 8110111811. 101110. 21.

81001 Ge. 89.

81001011 Andr. 36.

8100001301, 81001101301001111. 21. 37.
43. 10. 08. 1010. 40. 10. 801125.

8100010000. 11611.

81011101 Α113. 98.

810110 0. 8100.

810011180014. 8011010006 17. Ge.

8100111010. 778. 111011. 778.

810311101 Luc. 38.

810311 10. 02.

810111 christ. 86.

Brendlin, Ρ10011110810001.93. Nic.
97. 8011. 93. Silv. 20.

810030001110 1101111110 01.
8100101101 0001. 07.

8100100101 100. 12.

81000110 110180.

81001100 801011. 37. J0. 37.

81001111080111. 13. Sim. 778.

8101 Ant. 80.

8101101 Mich. 01.

81011301 (1103. 36.

81000103 s. Prunig.

8100110 chph. 38.

8101111110 1100011. 38. S. 81110110.

8103001 Maur. 40.

811011 Mart. 85.

80001110 Andr. 09.

8111100 8011. 12.

8110010101 10. 86.

811011101 10. 778.

8110011 10. 83.

8110011301 81011. 81.

Brock Ge. 21.

81011 14031115 37.

81080110. 40.

8100111011 Max. 36.

81000100. 34.

Β1ο150011011011.24. 10. 15. Mich-
15. 19.

81011103 Μ1011. 19. 0. 8101031110.

810011 801111. 37.

8100110011 1111011. 778.

8111011 Ge. 14.

8100150130181110110111. 778.

81001101 100. 11.

8111110011οά. 89.

81030110. 16.

8101100110. 88.

Brun, Bron, 81000 Alb. 36. Ant
01. 08. 0111111. Conr. 9810.
23. 39. 1017. 20. 26. Pe. 03. 34.
11100008. 8011. 89. 03. 08. 13. 18
22. 26. 28. 32. 8011111095. 1111197.

8101101, 81110001 (10. 85. 10. 06. 17.
11. 11113100. sim. 1011101100 J

Brunfels Abs. 37.

Β100110100110. 12. Pe. 23.

81111113 s. 8111013.

81110110 100. 98. 08.

 

