718

1000101111 Ge. 83. 10. 10.
Leonis Felix 15. 11101. 01. 8110. 80.
10001011 800. 0. 32.
Lepkieehler Ge. 09. Phil. 09.
Lepplin easp. 08. Jod. 06.
Lepus Heinr. 38.

10001 Liberius 79.

10001111. 20.

1000010 Ge. 38.

101001 Andr. 23.

1010010100 Frid. 91.

100 10111. 36.

1011111101 Barth. 13.

Leyserus Oasp. 41.

Leysner Seb. 43.

11001 Bened. 35.

Lichew Phil. de 21.
1101100001 Blae. 99.

· Lidius Ρο11. 40.

1100000012. 800. 37.
11000001010 10. de 85. vit. de 23.
1100011001. 28.

Liebler Ge. 37.

1100110010100010. de 92
1100110001010101111. de 789.
1100110001010011101. 07.
Lieehtkamrer 10. 778.

110001 Mieh. 87.

Lieppert, Liepard 93.

. 110001800. 10. 11110009.

111300101οΚ11. 36. 110111. 40.

110101 (10. 23.

Limpurg 0010 (10, Alb. 44. Er. de
21. Hier. 94. Μο101. 04. Phil.
27.

11001110. 79. 110101. 43. Μ101. 11.
011. 83. Ρο11. 06. Sel). 26. 11100. 08.

, 1110113. Αο111. 35.

11001010301 Achai. 03.

Lind 0103. 80.

Linde 01311 22.

1100000001 11101. 82.

1103001010 Chph.41. 10. 10. 810011.
89. 16.

1100001000 800. 09.

1101101 Ηο110. 83.

1101110100. 778. 10001. 21. 011-
lius.

Linge Chph. 38.

1101301 10. 06.

1100 Petreius Helvicue 0 36.

11000110. 84.

11000 Ge. 84. 10. 87. 1ο. Ulr. 84.

1100168110. 10.

Lippariue 10. 36.

1110111οε01. 10. 40.

11111111 Βο1011. 83.

1000100103 100. 97. 03.

1001011111. 10.

160110 100. 43. 10. 99. 10. 1111011.
12. Wilh. 94.

100101 Barth. ,13. 10092. 10. 15.
Nic. 37. 1101043.

10011030110000. 40. 100. 35.

1601111110. 97.

10011001 Phil. 789.

1011100013 100. de 80.

1001110100. 16.

1010110111 Τ1001. 38.

101100 10001. 10.

1030010001 Hier. 41.

1011 Μο11. 02.

10100101 (1103. 26.

1010101110. 21.

1010111101 Nie. 43.

10001800. 03. 11001190. 11001114.

101 ciriacus 06.
10101 Βο1111. 83.

1010101 110101. 778. 100. 01. 1011.
ll. 10. 91. -

1010100 Ρ111. 17.

1110010001. 90. s. 10001.

101001 100. 18 10. 08. 800. 85.

10001011 Ρο11.77.8.

10710. 86.

100011011Ροοο1. (10 21.

1011006οῳ10. de 89.

1060111100. 87.

ludovicus Ge. 13. Jo. 06. Mart. 15.
110141.

 

