10. 801. 789. 0111110. 8111.

8010001110. 110 19.

801600110110111. 28. 11101139.

8010011 00111. 94. Dion. 92. 10. 98.
80111. 99.

80130110011110111. de 01.

Hailenhaintz Mich. 09.

8018311011 Jod. 06.

8011111011 801111. 81.

801111, 801111 10. 778. 84. 11001111.
83. Ρο11.21. 7110111. 87. 770113.
90. 07.

Haimenhouen 813111. de 78.

8011180111 771111. 17.

8011101111 Mich. 37.

8011103101 10. 21.

80111811 8110111. 33. Ρο11. 81.

80111110811011 100. 97. 770110. 21.

80111101 10. 07. 23.

801111100011111100778. 10. 13. 18.

8011111011οτ 10. 86.

801111101105.

8011111011 10. 92.

80111101111011111111. 87. 801011. 44.

8011181301 801. 24. 1ο. 93.

8011101011οτ 10. 41. Phil. 32.

80111111οἰ01 10. 100 40. Sam. 45.
Ulr. 44.

Halbprunner Phil. 17. 0. 8081111101.

8011111111 801111. 16. 10. 12.

Ηο1110111101301 11103. 99. ι

8011101 00111. 19. ’

80101101 00111. 29.

8080111010. 06. s. Aquila.

8011 Ludw. de 789.

801101 00111. 31. 10. 40. 8011. 31.

80111010. 14.

80110110 100. 21.

80111111 77011111. 42.

80111111οΡ011. 03.

8011111101ῦο00. 38. 1085. 90. Rem.
1500.

8011, 801111 801111. 88. 8101. 21.

00111. 99. Ge. 04. Jo. 778. 90.

709

801111. 20. Ρο11. 1500. 770113.
80110 Phil. 778.
8011011 10. 26.
8010111101 Aug. 10.
8111101101 10. 26.
8011110011οω 1101004. .
8011001101110. 18.
8011110111ιο 10. 38.
Happ Mich. 14. Sig. 13.
801001 10. 19.
80110110. 05. 09.
Harena thh. in 44. Wilh. in 31.
801011012.

’ 801111 (10111. 11.

80110011 Ge. 16.

Harpffer 801). 16.

8010011811 801111. 93.

80110101101111011. 34.

8011011 Phil. de 39. Wolfg. de 39.

80111ίο11 ,10. 79. 22. Nic. 01. 011196.

81111811 Leon. 92. 1111097.

Hartman 801111. 14. 10086. 35. 10.
94. 801123,

8011111011111 8011111. 40. 1110111. 92.

80111103 Vino. 22.

8011181011. 04.

801110000100 778. 82.

800, 8000 Chph. 25. Gallus 14.
111. 91. 1011. 10. 11011103

Mich. 39. 111180. 770113. 89. ’

0. Lepus.
Ηο001111011Α11.90. 10013. 801011.

16.

. 8000 0. 800.

80111021.

89110101 Christ. 93.

Haubennchmid 100. 21.
80110011011110. 38.

80113 10. 100. 31. 111011. 40.
80110011 Chph. de 43. Dom. 011778.
80110111οι1 casp. 84. Ge. 88.
80110101 Ge. 37.

8011001108. 40.

8001011011018011. 35.

 

