¹ 8011011010100. 1500.

801110110 Jo. 22.

8011011011 Ambr. 93.

8011101οτ Nic. 11.

8011110111οι1 14. Andr. 17. 39. 0000.
94. 0011. 24. 11010. 16. Ge. 17.
00. 07. 24. 28. Ludw. 16. 11110.
29. 801. 21, 111182. 11011140.
1711186.

80111ὶά10111 Μο11. 81.

Schmidlapp Rup. 20.

8011101010181001. 84.

80111111011101 00. 08.

8011101 0000. 40.

801110001 Ge. 03.

8011101101 (10. 03.

Schneblin rac. 01. ⁸

80110010110101 11011. 11.

Schneider 8101. 41.

801101 Jeron.16. 0006. 21. 1101110
40.

801101101 Ge. 00. Mich. 10.

8011001111. 44. Eneeb.45. Jo. 77. 8.

001111. 44. Μο111.44. 110011. 30.
801101101 Jo. 41.
80111101, 811101 Jo. 08.
801110111111010. 13. 11001121.Ρο40.
8011111οτ Ge. 14. 000. 789. Ρο11.21.
801. 89.
801100 Hier. 35. 111135.
8011110101οο. 04. 110011. 02.
8011111101 Ge. 23. 110141. Ρο.19.
80101111 0. 80101111.
8011001 Andr. 82.
8010011 81001. 06.
8010001 Ge. 36. Jo. 36. 110111. 36.
8010101111 6011. 778. 81. (10. 83.
Jo. 83.

8010111010οτ 1111138.

80101111 Guil. 21.

8010111001 11101. 90.

801011, 80101 Andr. 45. 80111250.
008805. Lud. 88. 10011. 77.8.
Μ101. 41.

8010110110100100. 40.

“ 731

801151Βο11197. Ηο111.90. 81111181.

801011101101 Kil. 44.

Schongrieger Jo. 98.

8010110101, 8010110101 110. 43. 010.
93. Jo. 01. 97. 41. Lud. 48. Ι

80101110101 Isaeo 41.

80100 s. 8010110.

8010011 00. 18.

8010080110011. 00.

80100001 Ge. 82. 00. 03. Mart. 14.

801001 Jo. 03.

8010110011000 de 20. 26. Wilh. de
92.

Sehorndorffer Lud. 21.

8010111011 Alb. 87.

801011 (1011. 93. 23. Mart. 19.

80101101 00. 97.

Sehowenberg Jo. de 27.

8010101111 00. Luc. de 26. 20.

80110101 Wolfg. 17.

80110111 Ρο11. 96.

8011001100. 22. Lud. 24.

8011110101 Alex. 16.

80110110111 000. 35.

8011011100. 35. 801. 34.

80110011 110111. 88.

801100101 Jo. 83.

80111100. 36.

80111101 810011. 11. 1111193.

801111101οο. 79.

801101 Ge. 21.

801101 (10. 23.

80110101801. 94.

80110101100100. 12.

80110110 1110101110 88.

801110111οο. 10.

8011101801. 05.

80110101111 00. 88.

Schiichlin, Sehssle Alex. 20. 00. 89.
1011107.

8011011101 Ρο11. 02.

80110101 Gallus 16.

Schuenngeringer Bernh. 11.

8011111 Ge. 19.

8011111111 11101. 21.

 

