696

Bauer s. Pur.

8061101110το 8611010101.
800111300101. de 93.

Bayel Mich. 84.

Bayer s. 80101.

801101 110111. 96. 1111641. Wolfg. 03.
Bebenhusen 801111. 60 87.

8011111301 10. 86.

80111011 1166. 23,

· 801111113οη Ν10. 60 26.

8011111301 Μο11111. 08.

80011110 Thom. 04.

8001110810111.

8001111111 Casp. 95.

8001110161 111011. 26.

8001110161 Μ1011. 39.

800110. 8601081110. 28. 810110. 20.
Gallus 17. 010. 08. Jac. 27. 10.
2. 11. 801129. 8111111. Thom.
ll. 27. 111183.

8001011101 778.

8001111301 10. 80. 93.

8001111110. 778. 20,

800111110100111. 778.

80310. 25. 9101161740.

803011 Ρο11. 1500.

80301 Ηο111. 97. 801139.

80110111 Ge. 05.

80110111 1111111. 14.

80101 Ρο11. 22.

80100110. 90.

80111 8101111190. 91. Casp. 13. 6103,

90. 801111. 78. Laut. 08.
801111130110. 84.

Bemberlin 00. 38.
8011101 Chph. 44.
Bemmerlin Ulr. 778.
80116010. 8111601.
8010100111. 99.

8011301 10. 40. 16011. 10.
801111 Heinr. 778.

8011800011. 19. 10. 91. 10. Wilh.
42. 8100. 23.

80110001 Dion. 08.
80111110 Adam 16. 1. 8111101. ’

8011110043. Laur. 22. 37. Mallias
16. 111011. 16.

801110113101 10. 82.

8011111111]οτ 1101011. 10.

8011111301 Ge. 79.

8011111111 Gallus 98.

Ber, Per Bened.1500. 80111. 35. casp,

29. 00111. 26. 10. 84. 15. 22.

80101110161011. 15. 1111640.

801601 Thoin. 68.

8013 Ansh. 60 89.

80111301 60111. 42. Franc. 09. Ge.
42. Henr. 24. 10. 40. Lud. 1500.
110111. 69. 801). 90. Thom. 66.

Berlin Alb. 09. Hier. 0840. 10131
Luc. 80. Marc. 86.

8011110101 Nic. 89.

8011110037.

8011111001 Phil. 97. ,

8011101 8011111. 24. 10. 24. Las. 31.
1111614. Nic. 18. 8011. 88. Τ110111.00.

8011110161 8011111. 23. 10. 10. Τ110011
04. 116011. 84.

8011100101 100. 07. .

8011111110οη Ge. 6006.

8011111110οτ 10. 78. 94.

801001110. 16.

8010111111 (10. 60 80.

801101 e. 8101110011.

80110011 (lom. 84. Μο111.16. 111189.

800011 1ο. 3. 11101140.

Beschorn Thom. 44.

8010111101Ρο1101. 99.

8000010100. 96. 801111. 07. 101011 ,
11. 1111101. ’

80001113 800111. 24.

80011111 801111. 88.

8011111301 Ρο11. 08.

. 8011 Gallus 06. Ge. 97. 108341.

1111611. 12. Mari. 16. Steph. 12.
Τ11006.16.
80110110. 88. 11. Ρο11. 97.
8011111301 1101011125.
Beuther Ge. 45.
801000111010.

 

