730
80100011110101101011. de 34. 00111. de

34. 100. 92. 101. Μ. 12. 01101094.
Wolfg. (1095.

80101101, 8010110100. 09. 1011111137.

8010111113 (10. 12. Jo. 17.

Schelpplin Jo. 17.

8010110 Βο1111. 778. Ε11. 80. Luc. 08.
Ρ111.92.

801011111οο1 100. de 07.

8010111013οτ 00011. 24.

80101101 Abr. 39. 109221. Μο10.
30. Μο11. 17. Ρο11.77.8. 1111011393.

80101101 ab 171010101011011 Phil. 30.

8010110180111110111)1 Alb. 11. Wilh.11.

801010111110. 111101. 82.

80100110118011. 49.

8010111111 Andr. 98.

8011011011 Frid. 100. 0. 37. 10. Lud.
037.

8010111101· Β100. 94.

80101 Andr. 11111101. 93.

801011 Μ101. 31.

8010101 Claus 31. Jo. 41. 8011. 88.
01011001.

Schering Jo. 98.

8010111110. 18.

8010111111 Barth. 15. 00111. 35. 44.
Franc. 778. Ηο1111.13.28. 1002.
43. 10. 801). 31. 10011123. Lud.
85. 21. Phil. 43. 8011. 12.

801011103110. 80. “

801011011111 Βο111. 81.

8010111101 (10. 06. Jo. 35 0111011011.

8010110110 801111. 07.

8010111101 10. 97.

80100101 1100011013. Jo. 12. Quint.
08. 0. 80111101.

8010111 Βο111. 43.

80101101 1001. 86.

801111010040.

801101 1101100 95.

8011011, 80110010101. 36. (10111. 97.
Ge. 93. 1ο. 80. 84.· 11. 11111027.

Sehienek Conr. 18.

80110110 Bernh. 78.

8011001011 01111111. 43.

Schietinger 10111. 91.

8011110181111. 40.

8011101100 83.

801111 Beatus 07.

80111101 10001. 20. 8011. 84. 810111. 26.

Schilh'ng Jo. 35. 11010. 99. 8011. 88.
Wigil 20. wilh. 95.

8011111111 Mart. 97. ¹

801111ος01Ρο11. 86.

801111110111101 10. 81.

8011101 11101. 01. 10. 778.

8011001 801. 80.

8011111011 Jo. 43.

8011001101 Erh. 778. Ηο1111. 10.

8011000111110. 42.

80110101 11111011. 18.

80110001, 8011001 80111. 30. 44.

8011010 Andr. 04.

Schlapparitzi 11101. 83.

80110110101810111. 778.

8011001 001101. 44.

80110011 Gar. 44.

8011001111 (10111. 14.

801101101 7111ιο 07.

80110801301101114. 1111778. 011011.
90. 1100010110 04.

Schleglin Onno 07.

8011011011 Conr. 01.

8011ορ111 Luc. 778.

8011011101 Wolfg. 15.

801110111ἰο. 88. ’

80110101 Gabr. 80. (10. 06. Ludw.
05. Nic. 35. 8111100101 788.

8011101100. 10.

Sehlimpff Udalr. 85.

801111301Μο8. 13.

Schlisselfelder Jo. 40.

801101001100110. 17.

8011010111110101100. 78.

8011111111ιο 1101111. 27.

80111011101101110111. 1500.

8011101101118011111. 88. Lud. 83.

8011101101101 11111110. 06.

8010010301 Jo. 778.

 

