100110 Jo. 12. Paul 12.*

1001111001. 1500.

100110. 77. 08.

1001110 800. 19.

10111110. 84.

1001003 1111. 83.

1001001110. 88.

1110111100 0000. 83. Ccnr. 83.

11100110. 08.

111101· 1110. 11. 1ο. 77. 0. Aquila.

1011011. Rud. dc 01.

10000011 Wilh. 10.

Agricola Jocch. 37. 1100011. 41.

1300110110 Frid. 17.

Aichclin, 11011110 Bernh. 15. Gc. 15.
1012.

1101111010 10. 35.

110010101100. 40.

11000100 Ηο01. 98. 01111102.

1101101000100110 11000. 33.

1101010010. 94.

11300 110000. 31.

1111030100. 17.

11011010 Wcrnh. 23.

11011010 (1103. 11. Jcro. 08.

1100111Ιο 10. dc 86.

11001· 000018. 1111100110. 1101111.
13. 43. 111011. 08. 110011, 06.

110010101101. 00. .

1100101011 8131001. 08.

110011110. 778. 84. 87. Wclfg. 06.

110100 (1001. 41.

110100010. 19.

AlbrcchiGc. 12. 10004. Μ1111. 41.

' Udnlr. 22.

1100110111 de Kingsegk Jo. (10. 21.
10. 100 21. Jo. Mcrq. 21. Nic. 23.

1110100 Thom. 36. Ηο101. 39.

-—---

111000013 (10. 16.

1110001013 0001. dc 04. Jc. 97.
1110001οτ Andr. 18. 1ο. 21.
1111111000 Jo. 88.

11110300 Mart. de 98.

11110301 Phil. 86. Sim. 92.

1110100 Ρο01 11.
1110100101001 11010 01.
1110 Ηο01. 83.
1111101101 0000. 44.

Altwcg 111011. 89.

1110030110. 31.

Altzinger Jo. 92.

111113 Scb. 00.

10100, 1011000 10111. 06. 101. 2.).
10. 778. 06. 110110. 77.8. 11111141.

1101101100 Barth. 35.

11000011 0001. 18.

1010100100 013001010 77.8.

11111003 Ηο101. 82. 111011. 97.

1100100011 Ccsp. 99.

1100101 Mari. 16.

1100101010. 19.

100000 10. 08.

10110100 Ani. (10 22. 111000 Schen-
00111022. 100110 87.

10010130110. 10. Ρο11. 17. 111111. 31.

1011100 Cnsp. 92. 000110. 10. 81. 00.

101003 10100. 00.

1031010013 11301011 08.

1030100013111011. 011 00.·

ὁ 1030101 10. 22.

103011 Burkh. dc 82.

1000101 31001183.

1000011οί Jo. 02. 11. 20. Τ110100011.
110101. 06.

1011100100 10. 23. 41.

10111οῳ1000οΡ011. 35.

⁸ dic zehlen bezeichnen 001 111111 001101110111111.

 

