706

0001010010 Ge. 85.

0001100010. 26.

001100101107. Felix 21.

003110 111011. 10.

003110310. 20. Lud. 07. 8131037.

00111011 Chph. 33.

00011011 0003. 88. 01101181. 8011. 16.

00011 Αο011. 97.

0001110300 Μ1011.(1004.

0011101 10. 08.

001011 0. 000011. ·

00101101 Τ110111. 23.

001101 0000. 02.

001110301 00. 06.

0011000100. 22. 001100. 82. 1ο. 81.
Μο11. 18.

0001100110. 32. Petr. 79.

Gemmingen Andr. Fr. de 37. 10.
100. 0. 30. 07130111. de 99.

Generis Rich. 87.

0003110 10. 21.

Geniech Lud. 43.

Gennicher Jo. 22.

000001 0000. 99.

0000110 10. 83.

00000101 Μο11. 23.

000100110100. 20. 81111108.

Georgius 011)οε Ζ1111011. 83.

0011022.

0011011110. 08.

Gerher, Gerwer 000. 99. 1ο. 778.
Jod. 90. 0. coriarius.

0011101801). 35. Ρο11.99.

00100100 100. 40.

00111011 801111. 84. Hier. 37. Lud.40.

Gerhuser Mart. 93.

001103 Nic. 84.

Gerlach Eberh. 09. Ge. 09. Leonh.
87.

0010110011 00. de 90.

0010101011 Lamp. 39.

0001100010 Ηο01. 08.

⁵ 0010110. 95. 1101011. 22.

00101110 Diepold 92.

0010101010 Nic. 43.

0011000131100. 11.
00100100. 03. 10. 08, 08.
0011103 11110111. 778.

0011101 1. 0011101.

001013 (1000. 92.

0000110131861100011778. 8110093.

0000101 Blae. 92. Jo. 81. l4. 24.

00011010. 43. 1011. 13. 0. 00001111.

0010 0. 0010.

Geupel conr. 89.

Gewch Vitue 07.

00330 810311. 43.

0010001013 Βο001. de 21.

0030110300 Barth. 27. 1011. 1500.

0010110301 01111101. 1083. 010789.

Geyes 11011. 42. 013. 92.

Gfr0r 1111011. 87.

0111101100111801011. 80.

0111110 110111. 04.

Gienger 11001100. 22. Ge. 22. 1011.
94. 110111. 79. 1170113. 95. 1001179.

0130110 Jo. 23.

01301011 seb. 05.

0130111003 Ge. 98.

0111110300 1ο, de 10.

0111110301 10. 778.

01110 Ηο101. 31.

011103 Μο11. 07.

011011011 10. 778.

01111101 8001. 21.

01001 11010. 80.

0101101 0001. 91.

Gladiatoris 80110111. 12.

01000110. 88. 95. 25.

01011101 Μο111. 05.

010101011. 778.

0100110310. 18.

0100010000. 23.

01103 Aug. 44.

01001100. 09.

0100110101 (Jeep. 08.

0100100111011 10. 08.

010001 Phil. 18.

01000 Ad. 94. 100. 94.

0111001080.

 

