m

Schuler 0911111. 88.·10. 85. Ρ911. 92.
1101111. 79. 80.

Schulmaister Bemh. 24. (1011. 81.
Η9111.13. 1027.

89111199 119. 38.

Schulbhaiss 10. 03. 39. 149191. 12.
Theo. 11. Wilh. 09. s. 80111911.

8011111191· Β1111. 15.

801111 9. Schaup. Ἴ

801119181111. 01. 1ο. 97. 04. 119101.
98 s. Scheurer.

Schiin'ng Jo. 13.

Schurman 10. 87.

80111191 19101. 23.

89119191 1ο. 12. Menrad. 19.

8011111911 119. de 789. Paul de 95.

Sohuttilin 891. 04.

8911110011110. 08. Gallus 15. Ge.
778. 92. 12. 190. 78. 10. 03. 12.
111111. 10.

89111191 Wolfg. 04.

8911113101. 00. Ge. 80. 16. Nic.
90. Ρ911.77.8. 111009 06.

80111119101111. (19 27. 00111. (19
06. 10. de 06. 1111111927.

8911111111 10. 08.

8911111101 German. de 27.

8911111191 Η9ἰ111. 1500.

8011111111 Κ11. 96.

Schwartz Casp. 10. 00111. 84. Die-
pold. 19. Henr. 40. 22. 109311.
223 35. Mart. 19. Mieh. 98. Pe. 789.

89111111101 119. 80.

80111111119110. 23.

Schwartzberger Barth. 79.

8911111101011191 1ο. 33.

801191199111101 Ani. 15.

891111119119130111101907.Μὶ01.80.

89119111911191391Μ9101.8801101181.

891111119111910191 01111. 1500.

8011111191] (19. 14. Phil. 12.

80113111109191 Βο111. 04.

80111111111191 Wolfg. 36.

8011103191 Rud. 06. s. Fistulatoris.

89109101111109. 42. 100 89.

8911191191 Gallus 29.

8011191191 Sim. 26.

8011191011 Wend. 18.

8011911911 0011. 98.

8011911111 10. 86.

Schwerifeger Phil. 15.

Schwerifur Gasp. 88.

Schwertlin Andr. 17. 891112110. 21.

8911101191,8011191’1191Β1111.09. Chph.
891018. Jod. 86. 11111. 19. 111911.
22. 40. 110111. 78.

8911191191 111141.

8011191111 10. 01.

Schwiepertinger Mioh. 18.

8011111101 110, 35.

8911111011 109. 94.

8011110911 119. 30. 19011. 05.

8911111110. 10.

8011011891119111. 18.

Schwytzer 110. 90. 15. 10. 95. 44.
111101. 13. Β9111. 84. 1111111. 09.

Seius (1011. 95. Mart. 10.

8001191101 Sim. 03.

Scriba 1111911. 21.

891111910τί1 Ge. 85. 110. 93. Jo.10.
Ulr. 95.

8111010111111111. 89. 8911189. Oasp.
91. 010118. (1011. 82. Ge. 83.
110. 778. 10778. Μ101104. Nic.
82. Ρ1111.20. Ρ911. 81. 891107.
Wolfg.17.

80111911 Alb. 86. 110. 25. 19101. 98.
10. 82. 8894.

891) Andr. 14.

89101110. 15.

Sebastianus 10. 34.

Seberger Paul. 22.
890191 111901. 33. 1035.
89011001 Casp. 93.

89911911 100. 22.

89191 1111. 07.

8939110. 92. 11133.
Seiblin s. Seublin.

8911111111 10. 11.
89111 11191111. 95.

 

