 

16605. 066. 94. 1161611. 18. Ulr.
05. ·
Husler, Η666161 1161661187. 0061.
21. 10. 22. 41. Η611111. 09.
Η601666 Lud. 26. Theod. 82.
Η66661 160. 18.
Η6166 11166 Η6116. (16 27. .
Η616110. 789. 1161011. 85.
Η6116110. 36.
Η6166111616131116 15.
Hylspach Nic. de 778.
1131666 Andr. 99, 1ο. 6111160111. 36.
Hyrus Hier. 36.

16161 Alex. 06.

1011611116οά. 24. ·

1011611163 11661. 05.
100166106616610. 13.

11116361 Ρ611. 37.

161 (1161166 10. (11131130. 8611. 32.
Imhouer Steph. 38.

161616161666 Nic. 28.

1611166 Μ611. 04.
1636160161160. 15.

1661110116 Ge. 90.

1616611680.

1166666 1161111. 40.

11661066 Phil. 45.
Ι11116161Β61111. 789. 1101611. 86.
11616011 Lud. 38.

11161 Andr. 1500.

166663 8611116611. 04.

16000110. 79. 88.

16361, 111361, 163611111181. Ge. 28.
161. 28. 166. 1500. 1ο. 78. 05.
07. 40. Μ61611. 20. 161661. 93.
6. 1166610116.

1666 160. 26.

16661166 thh. 42.

166161610. Taurus 10.

Jeberg Silv. 26.

1601161 1011. 81.

16011116 Ge. 15. 160. 13. 6110116.
1666611616. 1500.

166161 Luc. 43.

110116166. 05.

1001161 11601111. 82.

Jocher 160. 78.

10110066 Ρ611. 32.

10166616 1116106. 97.

10601 Florin. 04.

Jdppell 10. 85.

160110. 80.

1663111611. 86. 36. (1061. 81. 161.
14. 1ο. 95. 05. Τ111160111. 36.
Ulr. 95.

16636161666160. 90.

16631163 Andr. 41.

Jungmeyer 10. 07.

166166 Andr. 40.

1661616106. 04.

1666110. 88.

Κ601161 10Ι 778.

1160166 1111. 80.

Κ616, Κ616 Ε11616011.20. 1161. 27.
1161661 s. Kayser.

Kaisersperger 1111. 37.

Κ611 160. 21.

1161166161 (16661606. 160. de 778.
10. de 06.

Κ61161 1161166 16.

116666 Ge. 85.

11661611066110. 85. s. (1661111660116.

Knpfer Β61111. 21.

Kapp Gabr. 87. 1011. 11. 1111. 18.

11166 18. 10.
Kappen Mart. 08.
116101161 160. 15.
1161310. 39.
116116110. 10.
1161011116106. 97.
1161111166 1111611111606. 10. de 15.
11611 1160611. 95.

, 116116110. 93. s. 1161161166.

Κ616 1601. 11.
Κ61161Μ611. 16.
Κ6116110. 26.
Κ611161 10. 06.

 

