728

11000110 Adam 82. Aegid. 34. 44.
1101144. 80011. 33. christ.17.
10. 95. Mart. 23. Wolf. 36.

Rossner Paner. 13.

1101, 11011, 11001 30111111. Gasp.
17.Ι (10111. 22. Ge. 110 95. Ηο101.
0122. Herm. 87. 98. Hier. 13.
Jo. 01. 1111004. 11010 04. 0110
85. Ρο11. 16. Seb. 97. 8011110
10. Ulr. 91. 1111111132,

1101001110. 10.

1101111011. 10. 18.

11011100110110. 10.

8010011010 10. 23. Μο1111. 81. Ulr.
81.

= 1101011111013010000. 88.

Rotenbuecher 0hph. 40.

11010030110100111. 98.

1101001100 Ge. 0 41. 1101111. 110 36.

8010010011 1101011. 91.

110101 Valent. 12.

11011011101100. 24.

1101111013 1101111. 110 12.

1101101011.

110101111οτ 10. 89.

110110011οτ Ρο11. 05.

Rottenburg Alb. ex 02. 8100110 99.
10. 09. The. de 99.

Rotbenburger Abb. 90. 31. ,1110110110
30. Conr. 02. 100. 22. 10. 33. 1001.
04. 801114.

1101110011 1111. 93.

11οο01111100. 1500.

110000 Wend. 12.

110111011018101. 17.

11011001 11001. 06.

1101101100. 90.

1100110000. 01. Μο1011.11. 1111. 44.

111101111011. 01. Μ1011.09.

11001101, 11031101 00111. 87. 110111. 778.
11011. 92. 111011. 778. 21. 30. 43.
1111. 15. 110011, 1500.

1100ῌο30110. 96. Nic. 90.
111111 Lamp. 95.
1111110110. 23.

1111111301 0011. 08.

110110001011, 10.

111111101011011. 14. 10014.

1101111ος01 10. 23.

Rudolffer Ge. 13.

1111110111οε 10. 24. 34. Conr. 20.

1111110111 cyrillus 98. 1111111192.

1100001093

1101,110118010111.95. Conr. 94. Ge.
0919. 010314. 10. 14. 15. 111011.
29.

Ruffeg Lud. 22.

Rugeneck Conr. de 30.

Riiger 100. 06.

110110 Ηο1111. 21.

1111101111 Wolfg. 83.

111110, 11111111, 11101111 Βο11111. 18. Burckh.

05. (10ορ. 16. 10010. 10. 95.
24.

11010011 Nic. 08.

1111010110 Τ11010. 84.

1111010101 1100011. 24.

1100101001111111. 18. Jo. 97. 11011129.
Ρο11. 778.

110101011099.

Rumpis Andr. 95. 0110111010.

11001ρο0 Casp. 40.

1100000111. 05. 10001110. 1100789.

1100011110 Sim. 05.

11000 1081. 14. 10. 8101101100. Τ11001.
78.

Rusticus 10. 80.

1111101 Βο10111. 84.

110111011 10. 14.

1111111ος01 1101111. 08, 11011. 82.

11111101 s. 111101.

1111111110 1111011. 23.

Rychlin Chph. Μο1111.23. 100. 05.
0111111. 87.

1110110010. 22.

Ryd Max. 22.

11111 0. 11111.

11100001011110. 17.

· 11111011 10. 34.

1111100110. 81.

 

