llyth Jo. 03.

8111111111 111. 40. vit. 37.

81111, 811Η1111. de 778. Lud. 90.
81111. 82. 1111111. 07.

81111111111111111. 90. 11. 01.

81111111111111 111111. 15.

8111111111 1111173.

811111011109. 111. 09. 1111. 36.

1118. 811111. 84.

8111 0111. 09.

8111111Η1111. 06.

8111111111111. 23.

8111111111 11. 39.

81111 Mari. 06.

81111111 Jo. 97.

8111111111 Alb. 84. Β11111. 98. Greg.
06. 111. 778.

811118111.

811111 1111118.

81111111 11. ex 36.

Samuel ex 11111111 rutilo, polita 80.

Sancto (11111111. de 778.

811111 Bern. 44.

81111111 11111192. Alb. 04. Β11111.
93. 0111. 85. 89. 0111. 93. 0111.
778. Ε1111.03. Erh. 96. 11111.
79. 91. 111. 81. 11111. 86. Jo.
79. 91. 93. 03. 11111107. Marc.
84. Mieh. 14. Ρ111. 16. Wolfg.
01. 211107.

81111 Phil. 28.

8111111 Ρ111. 39. .

811111 1111111. 18. 011113. 0111.
12. 81111. 29. (1111. 26. (11. 06.
29. 11111. 27. 1119. 30. 42.
111. 41. 11122. 1111107. Μ1111.
09. Mich. 83. 33 s. 8111111111, 811-
1111111.

81111111 Μ1111. 09.

8111111 (s. 8111111111) 011188. 111111.

8111111111. 14.

81111 11111. 83. Jo. 82. 06. 27. Jo.
111111. 15.

m

8111111111 0111. 2511.
81111111, 81111111 0111. 98. Jo. 86
s. Opilio.
81111111111111. 10.
81111111111 0111. 778.
8111111111111. 96.
81111111. 90.
811111 Nic. 31.
8111111111. 99.
8111111111 11. 07.
8111111 111111. 78.
81111111 111. 24.
8111111 (11. 10. 11. 14.

1111111111. 11.

81111111 Β1111. 96.

8111111 Ge. 34. 1111111. 92.

Scharffenberg Volck. de 06.

8111111111111. 95.

8111111111. 11111 8111778.

8111111111. 03.

8111111111. 81111111.

81111111 Max. 38.

8111111111 Ρ111. 22.

8111111 Jo. 15. 17. (111. 01.

811111 1111. 12. 24. 1106. 10. 11111.
92.

81111111113111106. 0111. 36. (11. 80.

81111111, 81161111 0111. 36. (11. 89.
11. 19. 11111124. 11111. 12.

81111111 Nic. 41.

8111111111 Jo. 23. 27.

8111111111 Η1111. 41.

8111111111. 81. 27. 44. Jo. 86. 20. 06.
81111. 06. 111180.

8111111 Η1111. 32. 811. 39.

81111111 Rud. 01.

8111111111 Alb. 39.

811111111111.79. (1111. 21.

’81111111 Jo. 36.

81111111 0111. 07.
81111111Ρ111. 19.
Scheleklin Conr. 778.
81111111111 Bemh. 01.

Schellemberger Andr. 95. Magnus
91.

 

