Niperg 10. 12. 0110110101 Ge. 90.
Nippenburg Wolfg. 08. 01011000 100. 08.
111000010100180111. 09. Laut. 02. 010101110110. 00 08.
11100013 Ge. 10. 0000 Ad. 44.

1110ωο10801Αοοω ll.

11111101 80011. 06.

111101 Ge. 02. Ge. 801011. 44.

111110110101. 07. Greg. 79. 110101.
978. 1ο. 22. 11101. 79. 22. Lud.
21. 11101100. Ρο11.99. 41. 80-
101016. 80100110. 81001. 83.
110011. 39.

1111101, 1101101 00. 33. 801011 06.
Μο11. 11. Seb. 32.

11οο01101 Ge. 18.

1100001100 Frid. 21.

1101001000 10001. 96.

1101110001 Ge. 778.

1100010ιο Phil. 12.

110101 111101. 178.

1101110111 8010. 22. 000095. Ρ111.96.

1101101101οω0. 95. Gallus 20.

Novo 000110 Ambr. 00 778.

Novo Molendino 10. 00 86.

1101101 1ο. 03.

1111100001110. 00 78. 7914. 1ο. 00
80. 81. Mart. 14. Paul. 00 14. 1101111.
00 778. 1070101. 0079. 11711100
25.

1111110001 Barth. 20.

1101000 100. 81.

110000000010101010. 1500. 1ο. 85.
10001. 90. ’0. 0001101000.

1111000110. 04.

110111080010.16. 110011. 10.

1100011010 100. 92.

1100011000. 93.

Νο1101 0. 1111101.

1101001 301038. 000036. Ρο01.38.

110000010101001. 18.

11000011 00111. 86. 10. 00 82. Paula
29.

010100010000. 18.
0101010081ίο 13.

0010 801. 18.

Ochsemberg Wilh. 778.

0010001001 0001. 81. 05. Herm. 43.
Lud. 34. 110111. 78. 801. 11.
Wend. 92. 24.

000100000100 s. 100Ιο010001οι1.

Ollinger Gabr. 13. Μ1011. 97.

0111011100οο Τ1οο1. 00 78.

1111111010. 778.

0100100, 81100100. 31. 10. 39.

00110 1111. 98. Sim. 98.

1110180111. 11. Ρο11. 90.

1111010010. 40.

011110101016.

0110001 Paul 37.

011778.

0110111100 83. ’

0000110011. 91.

001Ηο01.90.

0011101110. 40.

0011101110 1101193. Nic. 83. 810011.
18. 1101010.

0000010111 Greg. 97.

01111086.

0130101010 1110111. 778.

11110 llud. 778.

1110101010. 00 03.

01111011. 09. 110011. 14.

0111101 casp. 44.

011110 01101. 23.

0110111 0001. 1500.

01101001 Ηο101. 13.

1100101100. 10. 1016.

00101110 1001. 37.

0010111100 00111. 81.

00101101 Wilh. 24.

0010010101 10001. 81. 10. 02.

000010 0001. 83. (10. 95.

0111001 1ο. 98. 811000 95.

0110101. 93. 110101. 13. 100. 06.
10. 07. 18. 20. Ρο11.01. 001100, 10.

46*

 

